Time Step: 0
300 300 300 300 300 300 300 300 300 300 300 300 300 300 300 300 300 300 300 300 300 300 
300 300 300 300 300 300 300 300 300 300 300 300 300 300 300 300 300 300 300 300 300 300 
300 300 300 300 300 300 300 300 300 300 300 300 300 300 300 300 300 300 300 300 300 300 
300 300 300 300 300 300 300 300 300 300 300 300 300 300 300 300 300 300 300 300 300 300 
300 300 300 300 300 300 300 300 300 300 300 300 300 300 300 300 300 300 300 300 300 300 
300 300 300 300 300 300 300 300 300 300 300 300 300 300 300 300 300 300 300 300 300 300 
300 300 300 300 300 300 300 300 300 300 300 300 300 300 300 300 300 300 300 300 300 300 
300 300 300 300 300 300 300 300 300 300 300 300 300 300 300 300 300 300 300 300 300 300 
300 300 300 300 300 300 300 300 300 300 300 300 300 300 300 300 300 300 300 300 300 300 
300 300 300 300 300 300 300 300 300 300 300 300 300 300 300 300 300 300 300 300 300 300 
300 300 300 300 300 300 300 300 300 300 300 300 300 300 300 300 300 300 300 300 300 300 
300 300 300 300 300 300 300 300 300 300 300 300 300 300 300 300 300 300 300 300 300 300 
300 300 300 300 300 300 300 300 300 300 300 300 300 300 300 300 300 300 300 300 300 300 
300 300 300 300 300 300 300 300 300 300 300 300 300 300 300 300 300 300 300 300 300 300 
300 300 300 300 300 300 300 300 300 300 300 300 300 300 300 300 300 300 300 300 300 300 
300 300 300 300 300 300 300 300 300 300 300 300 300 300 300 300 300 300 300 300 300 300 
300 300 300 300 300 300 300 300 300 300 300 300 300 300 300 300 300 300 300 300 300 300 
300 300 300 300 300 300 300 300 300 300 300 300 300 300 300 300 300 300 300 300 300 300 
300 300 300 300 300 300 300 300 300 300 300 300 300 300 300 300 300 300 300 300 300 300 
300 300 300 300 300 300 300 300 300 300 300 300 300 300 300 300 300 300 300 300 300 300 
300 300 300 300 300 300 300 300 300 300 300 300 300 300 300 300 300 300 300 300 300 300 
500 500 500 500 500 500 500 500 500 500 500 500 500 500 500 500 500 500 500 500 500 500 
----------
Time Step: 1
300 300 300 300 300 300 300 300 300 300 300 300 300 300 300 300 300 300 300 300 300 300 
300 286.227 293.113 293.113 293.113 293.113 293.113 293.113 293.113 293.113 293.113 293.113 293.113 293.113 293.113 293.113 293.113 293.113 293.113 293.113 293.113 300 
300 293.113 300 300 300 300 300 300 300 300 300 300 300 300 300 300 300 300 300 300 300 300 
300 293.113 300 300 300 300 300 300 300 300 300 300 300 300 300 300 300 300 300 300 300 300 
300 293.113 300 300 300 300 300 300 300 300 300 300 300 300 300 300 300 300 300 300 300 300 
300 293.113 300 300 300 300 300 300 300 300 300 300 300 300 300 300 300 300 300 300 300 300 
300 293.113 300 300 300 300 300 300 300 300 300 300 300 300 300 300 300 300 300 300 300 300 
300 293.113 300 300 300 300 300 300 300 300 300 300 300 300 300 300 300 300 300 300 300 300 
300 293.113 300 300 300 300 300 300 300 300 300 300 300 300 300 300 300 300 300 300 300 300 
300 293.113 300 300 300 300 300 300 300 300 300 300 300 300 300 300 300 300 300 300 300 300 
300 293.113 300 300 300 300 300 300 300 300 300 300 300 300 300 300 300 300 300 300 300 300 
300 293.113 300 300 300 300 300 300 300 300 300 300 300 300 300 300 300 300 300 300 300 300 
300 293.113 300 300 300 300 300 300 300 300 300 300 300 300 300 300 300 300 300 300 300 300 
300 293.113 300 300 300 300 300 300 300 300 300 300 300 300 300 300 300 300 300 300 300 300 
300 293.113 300 300 300 300 300 300 300 300 300 300 300 300 300 300 300 300 300 300 300 300 
300 293.113 300 300 300 300 300 300 300 300 300 300 300 300 300 300 300 300 300 300 300 300 
300 293.113 300 300 300 300 300 300 300 300 300 300 300 300 300 300 300 300 300 300 300 300 
300 293.113 300 300 300 300 300 300 300 300 300 300 300 300 300 300 300 300 300 300 300 300 
300 293.113 300 300 300 300 300 300 300 300 300 300 300 300 300 300 300 300 300 300 300 300 
300 293.113 300 300 300 300 300 300 300 300 300 300 300 300 300 300 300 300 300 300 300 300 
300 297.704 304.591 304.591 304.591 304.591 304.591 304.591 304.591 304.591 304.591 304.591 304.591 304.591 304.591 304.591 304.591 304.591 304.591 304.591 304.591 300 
500 500 500 500 500 500 500 500 500 500 500 500 500 500 500 500 500 500 500 500 500 500 
----------
Time Step: 2
300 300 300 300 300 300 300 300 300 300 300 300 300 300 300 300 300 300 300 300 300 300 
300 23.8687 59.5301 76.7477 82.7363 84.3445 84.6937 84.757 84.7668 84.7681 84.7682 84.7683 84.7683 84.7684 84.7697 84.7795 84.85 85.2983 87.8428 100.834 161.934 300 
300 59.5301 148.393 191.228 206.098 210.082 210.945 211.101 211.125 211.129 211.129 211.129 211.129 211.129 211.131 211.142 211.221 211.687 214.067 224.197 258.696 300 
300 76.7477 191.228 246.337 265.437 270.546 271.651 271.85 271.881 271.885 271.886 271.886 271.886 271.886 271.887 271.892 271.929 272.142 273.169 277.161 288.905 300 
300 82.7363 206.098 265.437 285.985 291.476 292.662 292.876 292.909 292.913 292.914 292.914 292.914 292.914 292.914 292.916 292.927 292.992 293.295 294.41 297.438 300 
300 84.3445 210.082 270.546 291.476 297.067 298.274 298.492 298.525 298.53 298.53 298.53 298.53 298.53 298.53 298.531 298.534 298.549 298.617 298.862 299.495 300 
300 84.6937 210.945 271.651 292.662 298.274 299.486 299.704 299.738 299.742 299.743 299.743 299.743 299.743 299.743 299.743 299.743 299.746 299.759 299.803 299.914 300 
300 84.757 211.101 271.85 292.876 298.492 299.704 299.923 299.956 299.961 299.961 299.961 299.961 299.961 299.961 299.961 299.961 299.962 299.964 299.971 299.987 300 
300 84.7668 211.125 271.881 292.909 298.525 299.738 299.956 299.99 299.994 299.995 299.995 299.995 299.995 299.995 299.995 299.995 299.995 299.995 299.996 299.998 300 
300 84.7681 211.129 271.885 292.913 298.53 299.742 299.961 299.994 299.999 299.999 299.999 299.999 299.999 299.999 299.999 299.999 299.999 299.999 300 300 300 
300 84.7682 211.129 271.886 292.914 298.53 299.743 299.961 299.995 299.999 300 300 300 300 300 300 300 300 300 300 300 300 
300 84.7683 211.129 271.886 292.914 298.53 299.743 299.961 299.995 299.999 300 300 300 300 300 300 300 300 300 300 300 300 
300 84.7684 211.129 271.886 292.914 298.531 299.743 299.962 299.995 300 300 300 300 300 300 300 300 300 300 300 300 300 
300 84.7695 211.132 271.889 292.917 298.534 299.746 299.965 299.998 300.003 300.003 300.003 300.003 300.003 300.003 300.003 300.003 300.003 300.003 300.003 300.001 300 
300 84.7781 211.15 271.911 292.94 298.556 299.769 299.987 300.021 300.025 300.026 300.026 300.026 300.026 300.026 300.026 300.026 300.025 300.024 300.02 300.008 300 
300 84.8367 211.274 272.053 293.085 298.702 299.914 300.133 300.166 300.171 300.171 300.171 300.171 300.171 300.171 300.171 300.171 300.169 300.161 300.131 300.057 300 
300 85.1869 211.98 272.851 293.895 299.511 300.723 300.941 300.975 300.979 300.98 300.98 300.98 300.98 300.98 300.979 300.978 300.968 300.922 300.759 300.337 300 
300 87.0063 215.414 276.613 297.664 303.264 304.469 304.686 304.719 304.723 304.724 304.724 304.724 304.724 304.724 304.723 304.715 304.672 304.47 303.727 301.708 300 
300 95.2396 229.292 291.056 311.867 317.331 318.497 318.706 318.738 318.742 318.743 318.743 318.743 318.743 318.742 318.739 318.714 318.572 317.888 315.226 307.397 300 
300 128.37 274.732 334.45 353.285 358.048 359.042 359.217 359.243 359.247 359.247 359.247 359.247 359.247 359.246 359.239 359.186 358.875 357.289 350.536 327.536 300 
300 253.978 391.473 430.343 440.572 442.928 443.394 443.474 443.486 443.488 443.488 443.488 443.488 443.488 443.487 443.48 443.433 443.134 441.438 432.777 392.044 300 
500 500 500 500 500 500 500 500 500 500 500 500 500 500 500 500 500 500 500 500 500 500 
----------
Time Step: 3
300 300 300 300 300 300 300 300 300 300 300 300 300 300 300 300 300 300 300 300 300 300 
300 23.5915 58.9718 76.171 82.2027 83.8371 84.1953 84.2609 84.2711 84.2725 84.2727 84.2727 84.2727 84.2729 84.2742 84.2844 84.357 84.815 87.395 100.488 161.796 300 
300 58.9718 147.337 190.226 205.238 209.297 210.185 210.347 210.372 210.376 210.376 210.376 210.376 210.376 210.378 210.39 210.471 210.953 213.385 223.668 258.484 300 
300 76.171 190.226 245.51 264.831 270.047 271.185 271.393 271.425 271.429 271.43 271.43 271.43 271.43 271.431 271.437 271.476 271.697 272.755 276.84 288.776 300 
300 82.2027 205.238 264.831 285.639 291.251 292.474 292.697 292.732 292.736 292.737 292.737 292.737 292.737 292.737 292.739 292.751 292.82 293.134 294.285 297.388 300 
300 83.8371 209.297 270.047 291.251 296.967 298.212 298.439 298.474 298.479 298.48 298.48 298.48 298.48 298.48 298.48 298.483 298.499 298.571 298.826 299.48 300 
300 84.1953 210.185 271.185 292.474 298.212 299.463 299.691 299.726 299.731 299.731 299.731 299.731 299.731 299.731 299.731 299.732 299.735 299.748 299.795 299.911 300 
300 84.2609 210.347 271.393 292.697 298.439 299.691 299.918 299.954 299.958 299.959 299.959 299.959 299.959 299.959 299.959 299.959 299.96 299.962 299.969 299.987 300 
300 84.2711 210.372 271.425 292.732 298.474 299.726 299.954 299.989 299.994 299.994 299.995 299.995 299.995 299.995 299.995 299.995 299.995 299.995 299.996 299.998 300 
300 84.2725 210.376 271.429 292.736 298.479 299.731 299.958 299.994 299.999 299.999 299.999 299.999 299.999 299.999 299.999 299.999 299.999 299.999 300 300 300 
300 84.2727 210.376 271.43 292.737 298.48 299.731 299.959 299.994 299.999 300 300 300 300 300 300 300 300 300 300 300 300 
300 84.2727 210.376 271.43 292.737 298.48 299.731 299.959 299.995 299.999 300 300 300 300 300 300 300 300 300 300 300 300 
300 84.2729 210.376 271.43 292.737 298.48 299.732 299.96 299.995 300 300 300 300 300 300 300 300 300 300 300 300 300 
300 84.274 210.379 271.433 292.741 298.483 299.735 299.963 299.998 300.003 300.004 300.004 300.004 300.004 300.004 300.004 300.004 300.004 300.003 300.003 300.001 300 
300 84.283 210.399 271.456 292.764 298.507 299.759 299.986 300.022 300.027 300.027 300.027 300.027 300.027 300.027 300.027 300.027 300.027 300.025 300.021 300.009 300 
300 84.3438 210.527 271.604 292.916 298.659 299.91 300.138 300.174 300.178 300.179 300.179 300.179 300.179 300.179 300.179 300.179 300.177 300.168 300.137 300.059 300 
300 84.7036 211.254 272.428 293.752 299.494 300.745 300.973 301.008 301.013 301.013 301.013 301.013 301.013 301.013 301.013 301.011 301.001 300.953 300.783 300.347 300 
300 86.5565 214.762 276.274 297.607 303.332 304.576 304.802 304.837 304.841 304.842 304.842 304.842 304.842 304.842 304.841 304.832 304.787 304.577 303.81 301.742 300 
300 94.8777 228.825 290.918 312.003 317.587 318.791 319.008 319.042 319.046 319.047 319.047 319.047 319.047 319.046 319.042 319.016 318.869 318.163 315.44 307.483 300 
300 128.165 274.556 334.583 353.65 358.512 359.535 359.717 359.745 359.749 359.749 359.749 359.749 359.749 359.748 359.74 359.686 359.365 357.743 350.888 327.677 300 
300 253.932 391.493 430.513 440.844 443.242 443.721 443.804 443.816 443.818 443.818 443.818 443.818 443.818 443.817 443.81 443.762 443.457 441.737 433.008 392.136 300 
500 500 500 500 500 500 500 500 500 500 500 500 500 500 500 500 500 500 500 500 500 500 
----------
Time Step: 4
300 300 300 300 300 300 300 300 300 300 300 300 300 300 300 300 300 300 300 300 300 300 
300 11.0082 30.4785 44.0944 51.7929 55.3973 56.8251 57.3125 57.4582 57.4968 57.5059 57.5081 57.5094 57.5142 57.5365 57.6328 58.0199 59.4828 64.7874 83.9072 155.504 300 
300 30.4785 84.3824 122.072 143.376 153.347 157.296 158.643 159.046 159.152 159.178 159.184 159.187 159.197 159.241 159.428 160.14 162.604 170.335 192.191 246.571 300 
300 44.0944 122.072 176.578 207.378 221.787 227.49 229.435 230.015 230.169 230.205 230.213 230.217 230.226 230.264 230.421 230.996 232.876 238.289 251.736 279.307 300 
300 51.7929 143.376 207.378 243.53 260.435 267.123 269.403 270.083 270.263 270.305 270.314 270.317 270.323 270.346 270.436 270.757 271.765 274.502 280.772 292.31 300 
300 55.3973 153.347 221.787 260.435 278.502 285.647 288.082 288.808 289 289.045 289.055 289.057 289.06 289.07 289.111 289.251 289.678 290.79 293.208 297.377 300 
300 56.8251 157.296 227.49 267.123 285.647 292.971 295.466 296.21 296.407 296.453 296.463 296.466 296.467 296.471 296.486 296.536 296.687 297.068 297.868 299.192 300 
300 57.3125 158.643 229.435 269.403 288.082 295.466 297.982 298.732 298.93 298.977 298.987 298.989 298.99 298.991 298.996 299.011 299.057 299.17 299.402 299.776 300 
300 57.4582 159.046 230.015 270.083 288.808 296.21 298.732 299.484 299.682 299.729 299.739 299.741 299.742 299.742 299.743 299.748 299.76 299.79 299.849 299.944 300 
300 57.4968 159.153 230.169 270.263 289 296.407 298.93 299.683 299.881 299.928 299.938 299.94 299.941 299.941 299.941 299.942 299.945 299.952 299.966 299.987 300 
300 57.5063 159.179 230.207 270.307 289.047 296.455 298.979 299.731 299.93 299.977 299.987 299.989 299.989 299.989 299.989 299.989 299.99 299.991 299.994 299.998 300 
300 57.5098 159.188 230.22 270.322 289.063 296.472 298.995 299.748 299.946 299.993 300.004 300.005 300.006 300.006 300.006 300.006 300.005 300.005 300.003 300.001 300 
300 57.5179 159.21 230.249 270.354 289.096 296.505 299.029 299.781 299.98 300.027 300.037 300.039 300.039 300.039 300.039 300.038 300.036 300.032 300.023 300.008 300 
300 57.5516 159.297 230.366 270.483 289.228 296.638 299.162 299.914 300.113 300.16 300.17 300.172 300.172 300.172 300.171 300.168 300.16 300.14 300.1 300.037 300 
300 57.6858 159.64 230.817 270.974 289.73 297.14 299.664 300.416 300.614 300.661 300.671 300.673 300.673 300.673 300.67 300.659 300.629 300.553 300.399 300.149 300 
300 58.1712 160.849 232.376 272.645 291.42 298.829 301.349 302.099 302.297 302.344 302.354 302.356 302.355 302.353 302.343 302.309 302.209 301.954 301.421 300.538 300 
300 59.7684 164.668 237.136 277.639 296.417 303.796 306.298 307.041 307.237 307.283 307.293 307.294 307.293 307.286 307.259 307.166 306.882 306.14 304.528 301.748 300 
300 64.6094 175.422 249.875 290.588 309.173 316.396 318.827 319.545 319.733 319.777 319.787 319.788 319.785 319.77 319.709 319.495 318.823 316.999 312.819 305.127 300 
300 78.5828 202.511 279.43 319.251 336.793 343.454 345.661 346.306 346.474 346.513 346.521 346.522 346.516 346.49 346.386 346.002 344.749 341.141 332.176 313.795 300 
300 119.526 264.064 338.179 372.37 386.448 391.582 393.241 393.718 393.841 393.87 393.875 393.875 393.869 393.839 393.715 393.24 391.597 386.443 371.873 335.619 300 
300 251.835 390.633 436.115 452.655 458.697 460.77 461.418 461.601 461.648 461.658 461.66 461.66 461.657 461.642 461.578 461.32 460.345 456.808 444.062 396.331 300 
500 500 500 500 500 500 500 500 500 500 500 500 500 500 500 500 500 500 500 500 500 500 
----------
Time Step: 5
300 300 300 300 300 300 300 300 300 300 300 300 300 300 300 300 300 300 300 300 300 300 
300 10.9498 30.3304 43.9092 51.6082 55.2249 56.663 57.156 57.304 57.3433 57.3527 57.3549 57.3563 57.3612 57.3839 57.4815 57.8725 59.345 64.6702 83.8262 155.475 300 
300 30.3304 84.0102 121.614 142.929 152.939 156.919 158.282 158.691 158.8 158.826 158.832 158.835 158.845 158.891 159.081 159.801 162.287 170.066 192.005 246.504 300 
300 43.9092 121.614 176.034 206.87 221.345 227.096 229.065 229.656 229.813 229.85 229.858 229.862 229.871 229.91 230.071 230.654 232.556 238.017 251.548 279.239 300 
300 51.6082 142.929 206.87 243.088 260.082 266.83 269.14 269.832 270.016 270.06 270.069 270.072 270.078 270.101 270.194 270.521 271.544 274.314 280.642 292.263 300 
300 55.2249 152.939 221.345 260.082 278.252 285.464 287.933 288.672 288.868 288.915 288.925 288.927 288.93 288.941 288.982 289.126 289.56 290.69 293.138 297.352 300 
300 56.663 156.919 227.096 266.83 285.464 292.86 295.39 296.148 296.349 296.397 296.407 296.41 296.411 296.415 296.43 296.482 296.636 297.025 297.838 299.182 300 
300 57.156 158.282 229.065 269.14 287.933 295.39 297.942 298.705 298.908 298.956 298.967 298.969 298.969 298.971 298.976 298.992 299.039 299.155 299.391 299.772 300 
300 57.304 158.691 229.656 269.832 288.672 296.148 298.705 299.471 299.674 299.723 299.733 299.735 299.735 299.736 299.737 299.742 299.754 299.785 299.846 299.943 300 
300 57.3434 158.8 229.813 270.016 288.868 296.349 298.908 299.674 299.878 299.926 299.937 299.939 299.939 299.939 299.939 299.941 299.943 299.951 299.965 299.987 300 
300 57.3531 158.827 229.851 270.061 288.916 296.399 298.958 299.724 299.928 299.976 299.986 299.988 299.989 299.989 299.989 299.989 299.99 299.991 299.994 299.998 300 
300 57.3568 158.837 229.865 270.077 288.933 296.416 298.975 299.741 299.945 299.993 300.004 300.006 300.006 300.006 300.006 300.006 300.006 300.005 300.004 300.001 300 
300 57.365 158.858 229.895 270.11 288.967 296.45 299.01 299.776 299.979 300.028 300.038 300.04 300.04 300.04 300.04 300.039 300.037 300.033 300.023 300.009 300 
300 57.3994 158.948 230.014 270.242 289.102 296.586 299.146 299.912 300.115 300.163 300.174 300.176 300.176 300.176 300.175 300.172 300.164 300.144 300.103 300.038 300 
300 57.5358 159.297 230.474 270.742 289.613 297.098 299.657 300.423 300.626 300.674 300.685 300.687 300.687 300.686 300.683 300.672 300.641 300.564 300.406 300.152 300 
300 58.0271 160.522 232.054 272.436 291.328 298.81 301.366 302.13 302.333 302.381 302.391 302.393 302.393 302.39 302.38 302.345 302.243 301.983 301.441 300.546 300 
300 59.6376 164.375 236.861 277.481 296.375 303.827 306.364 307.121 307.322 307.369 307.379 307.381 307.38 307.373 307.345 307.249 306.96 306.206 304.574 301.765 300 
300 64.5029 175.192 249.681 290.515 309.213 316.507 318.971 319.702 319.895 319.94 319.95 319.951 319.948 319.932 319.871 319.653 318.971 317.124 312.905 305.158 300 
300 78.5108 202.367 279.339 319.276 336.921 343.645 345.881 346.537 346.709 346.749 346.758 346.758 346.753 346.726 346.62 346.23 344.962 341.322 332.301 313.841 300 
300 119.49 264.002 338.171 372.451 386.604 391.784 393.464 393.949 394.075 394.104 394.11 394.11 394.103 394.073 393.946 393.466 391.809 386.623 371.997 335.664 300 
300 251.825 390.62 436.126 452.7 458.771 460.861 461.516 461.702 461.749 461.76 461.763 461.762 461.759 461.744 461.679 461.418 460.437 456.887 444.116 396.35 300 
500 500 500 500 500 500 500 500 500 500 500 500 500 500 500 500 500 500 500 500 500 500 
----------
Time Step: 6
300 300 300 300 300 300 300 300 300 300 300 300 300 300 300 300 300 300 300 300 300 300 
300 7.18618 20.4777 31.015 38.2209 42.5077 44.7472 45.7844 46.214 46.3745 46.4293 46.4479 46.4594 46.4844 46.5651 46.8219 47.604 49.9233 56.8382 78.5376 153.593 300 
300 20.4777 58.3526 88.3779 108.909 121.122 127.501 130.456 131.679 132.136 132.292 132.344 132.374 132.434 132.622 133.2 134.874 139.421 151.063 179.176 241.94 300 
300 31.015 88.3779 133.849 164.937 183.428 193.085 197.555 199.406 200.098 200.333 200.41 200.449 200.515 200.715 201.311 202.962 207.163 216.924 237.315 274.177 300 
300 38.2209 108.909 164.937 203.239 226.015 237.908 243.413 245.691 246.542 246.831 246.924 246.963 247.017 247.169 247.609 248.781 251.62 257.774 269.488 288.298 300 
300 42.5077 121.122 183.428 226.015 251.336 264.555 270.672 273.203 274.148 274.468 274.57 274.606 274.643 274.736 274.995 275.668 277.234 280.466 286.248 294.904 300 
300 44.7472 127.502 193.085 237.908 264.555 278.464 284.899 287.562 288.555 288.892 288.997 289.031 289.054 289.102 289.232 289.559 290.3 291.773 294.301 297.925 300 
300 45.7845 130.456 197.556 243.413 270.672 284.899 291.481 294.204 295.22 295.564 295.671 295.703 295.718 295.74 295.797 295.936 296.244 296.84 297.834 299.219 300 
300 46.2143 131.68 199.408 245.693 273.205 287.563 294.205 296.953 297.978 298.325 298.433 298.464 298.475 298.485 298.507 298.559 298.673 298.891 299.245 299.729 300 
300 46.3757 132.14 200.103 246.548 274.154 288.562 295.226 297.983 299.012 299.36 299.468 299.499 299.508 299.512 299.52 299.538 299.576 299.647 299.761 299.915 300 
300 46.434 132.305 200.353 246.854 274.494 288.919 295.591 298.351 299.38 299.729 299.837 299.868 299.876 299.879 299.881 299.886 299.895 299.913 299.941 299.979 300 
300 46.465 132.392 200.482 247.009 274.663 289.094 295.769 298.53 299.56 299.909 300.017 300.048 300.055 300.057 300.057 300.055 300.05 300.042 300.028 300.01 300 
300 46.5171 132.536 200.688 247.25 274.919 289.356 296.032 298.794 299.823 300.172 300.28 300.311 300.318 300.318 300.314 300.303 300.278 300.231 300.157 300.056 300 
300 46.665 132.938 201.256 247.902 275.604 290.051 296.729 299.489 300.518 300.867 300.975 301.005 301.011 301.008 300.994 300.959 300.883 300.739 300.503 300.18 300 
300 47.0857 134.066 202.822 249.673 277.445 291.904 298.58 301.336 302.363 302.71 302.817 302.847 302.85 302.839 302.802 302.709 302.504 302.106 301.444 300.52 300 
300 48.205 136.999 206.796 254.076 281.956 296.411 303.061 305.801 306.819 307.162 307.268 307.295 307.293 307.264 307.179 306.96 306.467 305.484 303.799 301.383 300 
300 51.0016 144.042 215.985 263.959 291.889 306.229 312.778 315.461 316.454 316.787 316.889 316.912 316.901 316.842 316.67 316.221 315.177 313.023 309.168 303.398 300 
300 57.725 159.762 235.314 283.873 311.38 325.227 331.464 333.993 334.922 335.232 335.325 335.343 335.318 335.22 334.927 334.146 332.254 328.151 320.341 307.802 300 
300 74.0537 192.853 272.308 319.665 345.158 357.565 363.029 365.211 366.004 366.267 366.344 366.355 366.32 366.189 365.792 364.692 361.891 355.384 341.79 317.215 300 
300 117.244 259.725 336.606 376.541 396.332 405.501 409.419 410.954 411.505 411.685 411.737 411.742 411.709 411.585 411.2 410.084 407.053 399.291 380.549 338.707 300 
300 251.198 389.582 436.285 455.015 463.168 466.711 468.176 468.739 468.939 469.004 469.023 469.024 469.01 468.956 468.785 468.264 466.718 462.108 447.642 397.605 300 
500 500 500 500 500 500 500 500 500 500 500 500 500 500 500 500 500 500 500 500 500 500 
----------
Time Step: 7
300 300 300 300 300 300 300 300 300 300 300 300 300 300 300 300 300 300 300 300 300 300 
300 7.16137 20.4107 30.9232 38.1213 42.4107 44.6561 45.6982 46.131 46.2931 46.3486 46.3675 46.3791 46.4045 46.486 46.7445 47.5306 49.8573 56.7846 78.5023 153.581 300 
300 20.4107 58.1725 88.1324 108.645 120.868 127.265 130.234 131.467 131.928 132.086 132.139 132.169 132.23 132.42 133.003 134.687 139.252 150.926 179.086 241.908 300 
300 30.9232 88.1324 133.518 164.589 183.1 192.787 197.281 199.147 199.846 200.084 200.163 200.202 200.269 200.471 201.073 202.736 206.96 216.759 237.206 274.139 300 
300 38.1213 108.645 164.589 202.883 225.692 237.626 243.162 245.459 246.319 246.612 246.707 246.747 246.801 246.955 247.4 248.583 251.441 257.629 269.393 288.264 300 
300 42.4107 120.868 183.1 225.692 251.058 264.327 270.481 273.034 273.989 274.314 274.417 274.455 274.492 274.586 274.849 275.529 277.109 280.364 286.181 294.88 300 
300 44.6561 127.265 192.787 237.626 264.327 278.292 284.768 287.454 288.459 288.8 288.907 288.942 288.966 289.014 289.146 289.478 290.226 291.714 294.262 297.912 300 
300 45.6983 130.234 197.282 243.162 270.481 284.768 291.393 294.14 295.167 295.516 295.625 295.658 295.673 295.696 295.753 295.895 296.207 296.81 297.814 299.212 300 
300 46.1313 131.468 199.148 245.461 273.035 287.456 294.141 296.914 297.95 298.303 298.412 298.444 298.455 298.465 298.487 298.541 298.657 298.877 299.236 299.726 300 
300 46.2943 131.932 199.851 246.325 273.996 288.466 295.174 297.956 298.996 299.349 299.459 299.491 299.5 299.505 299.513 299.531 299.569 299.641 299.757 299.913 300 
300 46.3534 132.1 200.104 246.636 274.34 288.828 295.544 298.329 299.37 299.724 299.834 299.865 299.874 299.877 299.879 299.884 299.893 299.911 299.94 299.979 300 
300 46.3849 132.188 200.235 246.794 274.512 289.006 295.725 298.512 299.553 299.907 300.017 300.048 300.056 300.058 300.058 300.056 300.051 300.042 300.029 300.01 300 
300 46.4377 132.334 200.444 247.038 274.772 289.272 295.992 298.779 299.821 300.174 300.284 300.315 300.323 300.323 300.319 300.307 300.282 300.235 300.159 300.057 300 
300 46.5871 132.74 201.018 247.698 275.466 289.975 296.697 299.483 300.524 300.877 300.987 301.018 301.024 301.021 301.007 300.971 300.894 300.747 300.509 300.182 300 
300 47.0112 133.877 202.598 249.485 277.323 291.846 298.565 301.346 302.385 302.737 302.846 302.876 302.88 302.868 302.831 302.737 302.529 302.126 301.457 300.525 300 
300 48.1368 136.828 206.597 253.916 281.864 296.382 303.076 305.84 306.87 307.219 307.326 307.354 307.352 307.323 307.236 307.015 306.516 305.524 303.825 301.392 300 
300 50.9438 143.899 215.826 263.844 291.843 306.245 312.837 315.543 316.547 316.886 316.989 317.013 317.001 316.942 316.767 316.314 315.261 313.091 309.213 303.413 300 
300 57.6813 159.657 235.207 283.814 311.387 325.293 331.569 334.12 335.059 335.374 335.469 335.487 335.462 335.362 335.067 334.278 332.372 328.247 320.405 307.824 300 
300 74.0256 192.789 272.253 319.656 345.207 357.665 363.162 365.362 366.163 366.43 366.508 366.519 366.484 366.352 365.951 364.843 362.027 355.494 341.863 317.241 300 
300 117.23 259.695 336.588 376.558 396.39 405.594 409.534 411.081 411.637 411.82 411.873 411.878 411.844 411.72 411.331 410.209 407.165 399.382 380.609 338.728 300 
300 251.194 389.574 436.282 455.026 463.193 466.749 468.221 468.789 468.991 469.057 469.076 469.078 469.063 469.009 468.837 468.313 466.762 462.144 447.665 397.613 300 
500 500 500 500 500 500 500 500 500 500 500 500 500 500 500 500 500 500 500 500 500 500 
----------
Time Step: 8
300 300 300 300 300 300 300 300 300 300 300 300 300 300 300 300 300 300 300 300 300 300 
300 5.33824 15.4186 23.9102 30.3079 34.6346 37.273 38.7309 39.4647 39.8031 39.9483 40.011 40.052 40.1188 40.2875 40.7314 41.8799 44.8449 52.7749 75.8866 152.669 300 
300 15.4186 44.5338 69.0598 87.5374 100.033 107.653 111.863 113.982 114.959 115.377 115.556 115.667 115.838 116.256 117.323 119.952 126.183 140.472 172.267 239.532 300 
300 23.9102 69.0598 107.092 135.743 155.117 166.93 173.457 176.741 178.255 178.901 179.173 179.328 179.54 180.033 181.248 184.109 190.439 203.546 228.588 271.135 300 
300 30.3079 87.5374 135.743 172.056 196.61 211.579 219.848 224.008 225.925 226.742 227.078 227.25 227.449 227.879 228.898 231.201 236.028 245.303 261.354 285.463 300 
300 34.6347 100.033 155.118 196.61 224.663 241.764 251.209 255.96 258.148 259.078 259.455 259.628 259.787 260.096 260.799 262.331 265.408 271.009 280.081 292.755 300 
300 37.2732 107.653 166.931 211.58 241.765 260.163 270.324 275.434 277.787 278.785 279.183 279.351 279.469 279.662 280.08 280.964 282.68 285.682 290.33 296.542 300 
300 38.7316 111.865 173.46 219.851 251.213 270.327 280.882 286.19 288.633 289.668 290.078 290.238 290.326 290.437 290.658 291.111 291.967 293.422 295.606 298.443 300 
300 39.4669 113.988 176.75 224.02 255.973 275.447 286.2 291.607 294.096 295.15 295.564 295.72 295.789 295.85 295.956 296.165 296.553 297.196 298.14 299.345 300 
300 39.8103 114.979 178.286 225.964 258.192 277.832 288.677 294.129 296.639 297.701 298.117 298.27 298.329 298.364 298.411 298.498 298.655 298.911 299.281 299.748 300 
300 39.9704 115.44 178.998 226.862 259.213 278.927 289.811 295.283 297.801 298.867 299.283 299.435 299.489 299.511 299.529 299.556 299.604 299.68 299.79 299.926 300 
300 40.0749 115.739 179.451 227.422 259.84 279.59 290.493 295.973 298.495 299.561 299.978 300.129 300.179 300.193 300.192 300.183 300.164 300.133 300.088 300.031 300 
300 40.225 116.16 180.075 228.173 260.658 280.439 291.353 296.836 299.358 300.424 300.841 300.99 301.036 301.04 301.017 300.964 300.864 300.7 300.462 300.162 300 
300 40.5571 117.082 181.416 229.755 262.352 282.173 293.094 298.576 301.095 302.159 302.573 302.719 302.758 302.744 302.681 302.544 302.288 301.861 301.234 300.435 300 
300 41.3258 119.186 184.42 233.236 266.024 285.891 296.807 302.272 304.778 305.835 306.244 306.384 306.409 306.361 306.222 305.922 305.352 304.383 302.928 301.037 300 
300 43.0371 123.77 190.795 240.445 273.489 293.359 304.209 309.615 312.084 313.122 313.52 313.648 313.65 313.547 313.276 312.689 311.546 309.545 306.446 302.305 300 
300 46.7101 133.232 203.436 254.263 287.443 307.097 317.706 322.947 325.325 326.317 326.693 326.804 326.774 326.593 326.131 325.112 323.061 319.327 313.279 304.83 300 
300 54.5362 151.947 226.904 278.676 311.273 330.079 340.041 344.896 347.076 347.978 348.315 348.402 348.337 348.072 347.399 345.865 342.648 336.464 325.764 309.691 300 
300 72.018 188.08 267.849 318.344 348.269 364.848 373.395 377.483 379.296 380.038 380.31 380.369 380.283 379.971 379.166 377.26 373.04 364.303 347.608 319.243 300 
300 116.199 257.422 334.939 377.232 400.112 412.113 418.099 420.903 422.129 422.626 422.805 422.837 422.759 422.492 421.783 420.031 415.878 406.352 385.155 340.312 300 
300 250.89 388.941 435.952 455.566 464.835 469.387 471.584 472.594 473.032 473.208 473.271 473.281 473.249 473.14 472.845 472.08 470.103 464.817 449.409 398.221 300 
500 500 500 500 500 500 500 500 500 500 500 500 500 500 500 500 500 500 500 500 500 500 
----------
Time Step: 9
300 300 300 300 300 300 300 300 300 300 300 300 300 300 300 300 300 300 300 300 300 300 
300 5.32455 15.3806 23.8555 30.2452 34.5708 37.2117 38.6729 39.4095 39.7498 39.8961 39.9594 40.0007 40.0681 40.2378 40.6836 41.8354 44.806 52.7442 75.8668 152.662 300 
300 15.3806 44.4285 68.9087 87.3652 99.8589 107.486 111.706 113.834 114.816 115.238 115.418 115.531 115.703 116.123 117.195 119.834 126.08 140.39 172.214 239.514 300 
300 23.8555 68.9087 106.876 135.5 154.875 166.702 173.245 176.543 178.065 178.717 178.991 179.148 179.362 179.858 181.081 183.953 190.303 203.438 228.518 271.111 300 
300 30.2453 87.3652 135.5 171.786 196.345 211.336 219.628 223.806 225.735 226.558 226.898 227.072 227.273 227.706 228.732 231.047 235.893 245.197 261.285 285.439 300 
300 34.5709 99.8591 154.875 196.346 224.412 241.541 251.015 255.787 257.989 258.927 259.307 259.483 259.644 259.955 260.663 262.206 265.298 270.922 280.025 292.735 300 
300 37.2119 107.487 166.703 211.337 241.541 259.974 270.168 275.302 277.67 278.677 279.079 279.249 279.369 279.564 279.986 280.876 282.603 285.621 290.291 296.528 300 
300 38.6736 111.708 173.248 219.632 251.018 270.171 280.762 286.096 288.555 289.599 290.013 290.176 290.265 290.376 290.6 291.057 291.92 293.385 295.582 298.435 300 
300 39.4117 113.84 176.552 223.819 255.801 275.316 286.106 291.541 294.046 295.109 295.527 295.685 295.755 295.817 295.924 296.136 296.527 297.176 298.127 299.34 300 
300 39.7571 114.837 178.097 225.774 258.034 277.717 288.6 294.08 296.606 297.677 298.098 298.253 298.313 298.348 298.396 298.484 298.643 298.901 299.275 299.745 300 
300 39.9185 115.302 178.815 226.68 259.063 278.82 289.744 295.244 297.779 298.854 299.275 299.429 299.483 299.505 299.523 299.551 299.599 299.677 299.787 299.926 300 
300 40.024 115.603 179.272 227.246 259.697 279.491 290.433 295.941 298.48 299.556 299.977 300.13 300.18 300.194 300.194 300.185 300.166 300.134 300.088 300.031 300 
300 40.1753 116.028 179.902 228.004 260.522 280.347 291.3 296.812 299.351 300.427 300.847 300.998 301.045 301.049 301.027 300.973 300.872 300.706 300.466 300.164 300 
300 40.5095 116.956 181.251 229.596 262.228 282.093 293.054 298.565 301.101 302.174 302.592 302.74 302.779 302.765 302.702 302.564 302.305 301.875 301.243 300.438 300 
300 41.2816 119.07 184.27 233.095 265.919 285.831 296.786 302.28 304.803 305.869 306.282 306.424 306.449 306.401 306.26 305.958 305.383 304.407 302.944 301.043 300 
300 42.9983 123.669 190.667 240.331 273.412 293.327 304.216 309.65 312.136 313.182 313.584 313.715 313.717 313.612 313.339 312.747 311.597 309.585 306.473 302.315 300 
300 46.6786 133.151 203.338 254.182 287.401 307.099 317.746 323.013 325.406 326.407 326.787 326.9 326.87 326.686 326.222 325.195 323.134 319.385 313.317 304.843 300 
300 54.5132 151.889 226.838 278.631 311.266 330.113 340.109 344.987 347.182 348.091 348.431 348.519 348.454 348.187 347.509 345.968 342.738 336.535 325.81 309.707 300 
300 72.0034 188.045 267.813 318.328 348.287 364.899 373.474 377.582 379.406 380.154 380.428 380.488 380.401 380.087 379.278 377.364 373.131 364.375 347.655 319.259 300 
300 116.191 257.405 334.925 377.232 400.135 412.159 418.163 420.979 422.213 422.714 422.894 422.927 422.849 422.58 421.868 420.11 415.947 406.406 385.191 340.324 300 
300 250.887 388.936 435.948 455.569 464.845 469.405 471.608 472.624 473.064 473.241 473.304 473.315 473.282 473.173 472.877 472.11 470.129 464.837 449.422 398.225 300 
500 500 500 500 500 500 500 500 500 500 500 500 500 500 500 500 500 500 500 500 500 500 
----------
Time Step: 10
300 300 300 300 300 300 300 300 300 300 300 300 300 300 300 300 300 300 300 300 300 300 
300 4.24707 12.3639 19.4492 25.1058 29.2437 32.0237 33.744 34.7278 35.2506 35.5129 35.6469 35.7406 35.8699 36.1426 36.7714 38.2323 41.6835 50.3036 74.3044 152.124 300 
300 12.3639 35.9931 56.6195 73.0863 85.1316 93.2241 98.2317 101.095 102.616 103.378 103.764 104.024 104.367 105.067 106.634 110.107 117.65 133.802 167.997 238.059 300 
300 19.4492 56.6195 89.0654 114.968 133.914 146.643 154.518 159.021 161.412 162.606 163.201 163.578 164.032 164.91 166.803 170.804 178.909 194.533 222.818 269.146 300 
300 25.1059 73.0865 114.968 148.402 172.856 189.283 199.447 205.257 208.34 209.874 210.624 211.064 211.528 212.36 214.078 217.553 224.2 236.058 255.436 283.422 300 
300 29.2439 85.1324 133.915 172.857 201.338 220.47 232.305 239.07 242.656 244.436 245.29 245.751 246.163 246.827 248.131 250.667 255.301 263.11 275.024 291.011 300 
300 32.0246 93.2269 146.647 189.288 220.474 241.421 254.378 261.783 265.706 267.647 268.564 269.024 269.364 269.835 270.703 272.333 275.202 279.837 286.589 295.252 300 
300 33.7469 98.2401 154.531 199.463 232.322 254.392 268.042 275.842 279.974 282.013 282.965 283.414 283.69 283.999 284.522 285.465 287.077 289.601 293.161 297.6 300 
300 34.7363 101.12 159.059 205.305 239.124 261.836 275.883 283.908 288.158 290.252 291.222 291.661 291.89 292.087 292.377 292.875 293.704 294.97 296.716 298.854 300 
300 35.274 102.684 161.517 208.472 242.807 265.864 280.123 288.269 292.58 294.703 295.682 296.113 296.311 296.439 296.589 296.825 297.207 297.781 298.558 299.498 300 
300 35.5739 103.554 162.879 210.219 244.829 268.066 282.434 290.64 294.982 297.119 298.101 298.526 298.705 298.792 298.859 298.945 299.076 299.268 299.526 299.835 300 
300 35.7973 104.197 163.87 211.47 246.252 269.595 284.021 292.256 296.613 298.755 299.737 300.156 300.322 300.379 300.387 300.368 300.326 300.26 300.169 300.059 300 
300 36.0907 105.031 165.128 213.014 247.965 271.393 285.858 294.107 298.467 300.609 301.587 302 302.15 302.174 302.118 301.983 301.749 301.391 300.905 300.315 300 
300 36.6398 106.572 167.41 215.757 250.946 274.472 288.963 297.211 301.562 303.695 304.665 305.065 305.192 305.167 305.013 304.698 304.155 303.321 302.169 300.757 300 
300 37.7446 109.632 171.851 220.985 256.525 280.153 294.637 302.849 307.167 309.276 310.228 310.608 310.697 310.594 310.283 309.668 308.599 306.921 304.552 301.598 300 
300 39.9375 115.576 180.247 230.612 266.576 290.225 304.595 312.685 316.914 318.968 319.885 320.231 320.266 320.052 319.508 318.434 316.526 313.438 308.938 303.165 300 
300 44.225 126.758 195.398 247.352 283.553 306.901 320.877 328.656 332.687 334.628 335.482 335.781 335.749 335.399 334.562 332.882 329.796 324.592 316.65 305.992 300 
300 52.7353 147.36 221.536 274.733 310.263 332.473 345.471 352.588 356.231 357.968 358.718 358.956 358.859 358.384 357.267 354.96 350.531 342.627 329.709 311.052 300 
300 70.8732 185.257 264.844 316.785 349.238 368.627 379.635 385.539 388.518 389.921 390.516 390.685 390.55 390.027 388.787 386.127 380.726 370.311 351.455 320.57 300 
300 115.598 255.999 333.616 377.002 401.618 415.494 423.099 427.089 429.073 429.998 430.383 430.481 430.36 429.934 428.904 426.593 421.566 410.799 388.002 341.294 300 
300 250.708 388.523 435.61 455.633 465.522 470.736 473.499 474.923 475.624 475.949 476.083 476.114 476.065 475.898 475.483 474.511 472.211 466.464 450.464 398.584 300 
500 500 500 500 500 500 500 500 500 500 500 500 500 500 500 500 500 500 500 500 500 500 
----------
Time Step: 11
300 300 300 300 300 300 300 300 300 300 300 300 300 300 300 300 300 300 300 300 300 300 
300 4.2384 12.3394 19.413 25.0628 29.1982 31.9788 33.7011 34.6871 35.2116 35.4751 35.61 35.7043 35.8343 36.1081 36.7387 38.2025 41.6579 50.2838 74.2918 152.119 300 
300 12.3394 35.9242 56.5175 72.9656 85.0047 93.0994 98.113 100.983 102.509 103.275 103.663 103.925 104.27 104.973 106.544 110.025 117.58 133.748 167.962 238.048 300 
300 19.413 56.5175 88.9152 114.791 133.73 146.463 154.349 158.863 161.262 162.462 163.06 163.441 163.897 164.779 166.679 170.691 178.812 194.458 222.77 269.129 300 
300 25.0629 72.9658 114.791 148.195 172.644 189.08 199.258 205.083 208.177 209.719 210.474 210.918 211.385 212.221 213.946 217.433 224.097 235.979 255.385 283.405 300 
300 29.1985 85.0055 133.731 172.645 201.124 220.269 232.123 238.906 242.506 244.295 245.154 245.62 246.035 246.703 248.013 250.56 255.209 263.038 274.979 290.996 300 
300 31.9798 93.1022 146.467 189.085 220.273 241.237 254.218 261.643 265.583 267.534 268.457 268.921 269.264 269.738 270.612 272.249 275.13 279.782 286.554 295.24 300 
300 33.7041 98.1215 154.362 199.275 232.141 254.232 267.908 275.731 279.88 281.93 282.888 283.342 283.62 283.932 284.458 285.407 287.028 289.563 293.136 297.592 300 
300 34.6957 101.008 158.901 205.132 238.96 261.697 275.773 283.823 288.09 290.196 291.172 291.615 291.846 292.045 292.338 292.839 293.673 294.946 296.701 298.848 300 
300 35.2353 102.578 161.368 208.311 242.659 265.742 280.031 288.202 292.532 294.667 295.652 296.087 296.287 296.417 296.567 296.806 297.191 297.768 298.55 299.495 300 
300 35.5367 103.452 162.737 210.067 244.692 267.957 282.355 290.587 294.948 297.097 298.085 298.514 298.695 298.783 298.85 298.937 299.069 299.263 299.523 299.834 300 
300 35.7615 104.099 163.735 211.326 246.124 269.495 283.953 292.215 296.59 298.744 299.733 300.156 300.323 300.381 300.389 300.37 300.328 300.261 300.17 300.059 300 
300 36.0564 104.937 164.999 212.879 247.847 271.305 285.801 294.077 298.456 300.61 301.595 302.011 302.162 302.187 302.13 301.995 301.759 301.399 300.91 300.317 300 
300 36.6077 106.485 167.291 215.634 250.842 274.398 288.92 297.195 301.566 303.71 304.687 305.091 305.219 305.193 305.039 304.721 304.175 303.336 302.179 300.76 300 
300 37.7157 109.554 171.746 220.879 256.439 280.098 294.614 302.853 307.189 309.31 310.269 310.651 310.741 310.638 310.325 309.706 308.632 306.947 304.569 301.603 300 
300 39.9129 115.51 180.16 230.528 266.514 290.195 304.596 312.711 316.958 319.023 319.946 320.296 320.331 320.116 319.569 318.49 316.574 313.475 308.962 303.173 300 
300 44.2056 126.706 195.332 247.293 283.517 306.895 320.901 328.704 332.752 334.704 335.564 335.865 335.833 335.481 334.64 332.953 329.858 324.64 316.68 306.003 300 
300 52.7213 147.323 221.493 274.698 310.251 332.489 345.513 352.652 356.31 358.055 358.811 359.05 358.953 358.476 357.355 355.04 350.6 342.68 329.743 311.063 300 
300 70.8643 185.234 264.819 316.77 349.242 368.654 379.683 385.604 388.595 390.005 390.604 390.774 390.638 390.113 388.87 386.203 380.791 370.361 351.487 320.58 300 
300 115.593 255.987 333.605 376.998 401.627 415.519 423.137 427.138 429.13 430.059 430.447 430.546 430.425 429.997 428.963 426.648 421.613 410.835 388.025 341.302 300 
300 250.706 388.52 435.607 455.633 465.527 470.745 473.514 474.942 475.645 475.971 476.106 476.138 476.089 475.92 475.505 474.531 472.228 466.477 450.472 398.587 300 
500 500 500 500 500 500 500 500 500 500 500 500 500 500 500 500 500 500 500 500 500 500 
----------
Time Step: 12
300 300 300 300 300 300 300 300 300 300 300 300 300 300 300 300 300 300 300 300 300 300 
300 3.52651 10.3194 16.3893 21.4248 25.3073 28.0933 29.9574 31.1234 31.8088 32.1945 32.4174 32.5831 32.7908 33.1746 33.9756 35.6982 39.5237 48.6413 73.2528 151.763 300 
300 10.3194 30.1968 47.9586 62.6936 74.0542 82.2064 87.6607 91.072 93.0767 94.2024 94.8476 95.3145 95.8771 96.8852 98.9274 103.122 111.698 129.22 165.098 237.066 300 
300 16.3894 47.9588 76.1679 99.5695 117.612 130.558 139.219 144.635 147.816 149.595 150.601 151.294 152.07 153.388 155.953 160.971 170.529 188.083 218.738 267.748 300 
